  2835	
  2952	
  2934	
  2769	
  2801	
  2990	
  2998	
  2965	
  2981	
  2976	
  2960	
  2965	
  2934	
  2926	
  2912	
  2880	
  2864	
  2816	
  2832	
  2820	
  2795	
  2763	
  2683	
  2603	
  2274	
  1844	
  1954	
  2166	
  2231	
  2236	
  1903	
  2007	
  2022	
  1879	
  1795	
  2338	
  2897	
  3030	
  2998	
  2966	
  2964	
  2966	
  2934	
  2926	
  2896	
  2864	
  2864	
  2816	
  2848	
  2843	
  2811	
  2763	
  1772	
  1589	
  1607	
  1496	
  1430	
  1530	
  1530	
  1525	
  1587	
  1647	
  1757	
  1750	
  1584	
  1564	
  1996	
  2531	
  2852	
  3008	
  2982	
  2934	
  2902	
  2891	
  2880	
  2864	
  2864	
  2816	
  2821	
  2827	
  2795	
  2731	
  1566	
  1548	
  1558	
  1581	
  1589	
  1633	
  1673	
  1629	
  1367	
  1415	
  1580	
  1632	
  1686	
  1520	
  1505	
  1567	
  1803	
  2258	
  2582	
  2850	
  2894	
  2878	
  2862	
  2862	
  2838	
  2808	
  2792	
  2785	
  2765	
  2700	
  1462	
  1541	
  1542	
  1515	
  1510	
  1578	
  1629	
  1495	
  1345	
  1247	
  1359	
  1456	
  1589	
  1574	
  1456	
  1504	
  1477	
  1554	
  1736	
  2140	
  2681	
  2808	
  2909	
  2829	
  2786	
  2785	
  2762	
  2746	
  2732	
  2684	
  1338	
  1370	
  1386	
  1515	
  1510	
  1583	
  1636	
  1493	
  1431	
  1273	
  1238	
  1346	
  1458	
  1512	
  1475	
  1502	
  1539	
  1557	
  1558	
  1524	
  1828	
  1993	
  2433	
  2706	
  2818	
  2815	
  2751	
  2712	
  2697	
  2649	
  1296	
  1301	
  1269	
  1398	
  1398	
  1521	
  1591	
  1495	
  1442	
  1426	
  1307	
  1329	
  1403	
  1391	
  1451	
  1495	
  1527	
  1501	
  1476	
  1508	
  1503	
  1432	
  1473	
  1809	
  2232	
  2426	
  2545	
  2565	
  2535	
  2487	
  1264	
  1264	
  1214	
  1184	
  1248	
  1393	
  1434	
  1439	
  1458	
  1456	
  1430	
  1430	
  1450	
  1402	
  1393	
  1435	
  1408	
  1388	
  1400	
  1400	
  1385	
  1390	
  1329	
  1328	
  1365	
  1470	
  1631	
  1759	
  1860	
  1941	
  1172	
  1188	
  1158	
  1142	
  1127	
  1120	
  1210	
  1238	
  1365	
  1333	
  1304	
  1285	
  1201	
  1169	
  1203	
  1238	
  1255	
  1265	
  1254	
  1240	
  1283	
  1295	
  1314	
  1309	
  1303	
  1286	
  1257	
  1218	
  1130	
  1146	
  1034	
  1076	
  1064	
  1042	
   853	
   936	
  1320	
  1338	
  1480	
  1212	
  1031	
  1562	
  1462	
  1192	
  1331	
  1249	
  1258	
  1249	
  1217	
  1191	
  1222	
  1243	
  1279	
  1214	
  1199	
  1212	
  1121	
   907	
   499	
   494	
   975	
   980	
  1155	
  1325	
  1230	
  1228	
  1214	
  1238	
  1576	
  1421	
  1453	
  1792	
  1946	
  1815	
  1783	
  1733	
  1662	
  1307	
  1150	
  1154	
  1167	
  1152	
  1057	
  1123	
  1128	
  1144	
  1012	
   536	
   263	
    80	
   926	
  1131	
  1333	
   924	
   950	
   881	
   603	
   981	
  1146	
  1073	
  1264	
   932	
  1282	
  1415	
   821	
   942	
  1452	
  1661	
  1198	
  1082	
  1147	
   956	
   717	
   815	
   678	
   910	
  1088	
   547	
   273	
   107	
   898	
  1381	
  1070	
  1024	
  1182	
  1187	
   827	
  1680	
  1348	
  1350	
  1180	
   778	
  1091	
  1136	
  1040	
   782	
  1089	
  1651	
  1775	
  1203	
   899	
   544	
   338	
   290	
   135	
   376	
   876	
   407	
   137	
   137	
  1140	
  1614	
  1092	
  1195	
  1351	
  1281	
  1463	
  2132	
  1394	
  1711	
  1676	
  1168	
  1330	
   995	
  1365	
  1069	
  1050	
  1366	
  1752	
  1836	
   871	
   402	
   392	
   307	
   119	
   152	
   439	
   276	
   178	
   137	
  1549	
  2826	
  2295	
  2135	
  2015	
  1922	
  2376	
  2350	
  1715	
  2137	
  2104	
  1500	
  1585	
  1354	
  1374	
  1337	
   937	
   990	
  1272	
  1713	
  1513	
   786	
   372	
   135	
    91	
   291	
   442	
   328	
    83	
    80	
  1629	
  3626	
  3540	
  3371	
  3341	
  3278	
  3148	
  3016	
  2610	
  2688	
  2449	
  2144	
  2022	
  1993	
  1592	
  1048	
  1306	
   935	
  1067	
  1530	
  1954	
  2060	
  1636	
   884	
   480	
   511	
   425	
   267	
    72	
   139	
  1371	
  3100	
  3550	
  3776	
  3914	
  3921	
  3629	
  3370	
  3375	
  3189	
  2991	
  3029	
  2852	
  2712	
  2192	
  1540	
  2410	
  2220	
  1813	
  1830	
  1874	
  2136	
  2319	
  2297	
  2075	
  1501	
   831	
   258	
   162	
   211	
  1553	
  2815	
  3092	
  3480	
  3807	
  4012	
  3861	
  3643	
  3890	
  3813	
  3147	
  3490	
  3648	
  3467	
  3289	
  3076	
  2993	
  2908	
  2726	
  2420	
  2036	
  1694	
  1577	
  1657	
  1902	
  2077	
  2045	
  1549	
   646	
   258	
  1870	
  2754	
  2748	
  2367	
  1645	
  2063	
  3064	
  3419	
  3490	
  3554	
  3567	
  3708	
  3809	
  3770	
  3716	
  3662	
  3505	
  3436	
  2831	
  2344	
  2630	
  2433	
  1995	
  1453	
  1112	
  1145	
  1391	
  1830	
  1607	
   707	
  1090	
  1629	
  1919	
  1195	
   596	
  1615	
  1594	
  2705	
  3092	
  2955	
  3275	
  3409	
  3302	
  3302	
  3338	
  3318	
  3385	
  2864	
   987	
   650	
  1552	
  2889	
  2804	
  1994	
  1833	
  1472	
  1504	
  1385	
  1885	
  1315	
   820	
  1163	
  1209	
   765	
  1642	
  3628	
  1892	
  1476	
  2245	
  2196	
  2457	
  2770	
  2834	
  2930	
  2957	
  2864	
  2876	
  1176	
   326	
   417	
   272	
  2137	
  2771	
  2118	
  1934	
  1714	
  1745	
  1510	
  1811	
  1774	
  1317	
  1279	
  1203	
   920	
  2085	
  3631	
  2328	
   669	
  1413	
  1415	
  1495	
  1669	
  1820	
  1907	
  2019	
  2102	
  1893	
   506	
  1416	
  2180	
   575	
  1145	
  2556	
  2246	
  1651	
   954	
  1098	
  1370	
  1681	
  1799	
  1293	
  1239	
  1311	
  1132	
  1887	
  3275	
  2031	
   273	
   662	
   657	
   745	
   873	
   930	
  1064	
  1196	
  1216	
   832	
   498	
  2712	
  3644	
  1716	
   451	
  1771	
  1670	
  1292	
   696	
   919	
  1101	
  1103	
  1228	
  1011	
   935	
   976	
   928	
  1137	
  2639	
  1280	
   253	
   231	
   112	
   186	
   239	
   243	
   333	
   412	
   384	
   235	
   552	
  3022	
  3424	
  2111	
   166	
   640	
   468	
   176	
   136	
   253	
   260	
   596	
   963	
  1002	
   979	
   823	
   645	
   580	
   876	
   331	
   133	
   103	
    23	
    26	
    44	
    51	
    67	
    64	
    69	
    57	
   411	
  2717	
  3123	
  1877	
    59	
   133	
    95	
    52	
   131	
   248	
   346	
   737	
   806	
  1301	
  1306	
  1130	
  1006	
  1029	
   762	
   661	
   611	
   462	
   403	
   326	
   267	
   219	
   109	
    79	
    66	
    68	
   176	
  1779	
  2823	
  1199	
    16	
    55	
    71	
    61	
    75	
   139	
   189	
   253	
   357	
  1283	
  1254	
  1226	
  1248	
  1312	
  1307	
  1264	
  1234	
  1134	
  1088	
  1056	
  1042	
   968	
   785	
   672	
   590	
   532	
   420	
   569	
  1095	
   273	
    49	
    56	
    40	
    14	
    19	
    30	
    30	
    64	
   215	
  1303	
  1335	
  1322	
  1296	
  1392	
  1383	
  1333	
  1386	
  1345	
  1271	
  1234	
  1223	
  1266	
  1281	
  1202	
  1184	
  1138	
  1104	
   929	
   720	
   788	
   613	
   464	
   462	
   431	
   404	
   377	
   420	
   452	
   482	
  1294	
  1315	
  1326	
  1312	
  1360	
  1441	
  1441	
  1457	
  1492	
  1466	
  1386	
  1338	
  1347	
  1322	
  1290	
  1235	
  1225	
  1258	
  1299	
  1400	
  1370	
  1265	
  1186	
  1154	
  1191	
  1175	
  1143	
  1191	
  1143	
  1030	
  1184	
  1200	
  1233	
  1280	
  1280	
  1420	
  1468	
  1466	
  1506	
  1595	
  1501	
  1547	
  1547	
  1549	
  1533	
  1469	
  1377	
  1354	
  1290	
  1292	
  1244	
  1159	
  1175	
  1175	
  1138	
  1111	
  1207	
  1271	
  1191	
  1191	
  1172	
  1188	
  1178	
  1200	
  1312	
  1339	
  1344	
  1000