  3222	
  3868	
  3816	
  3140	
  3360	
  3791	
  3117	
  2785	
  2935	
  2958	
  2896	
  2957	
  2867	
  2893	
  2898	
  2816	
  2848	
  2704	
  2812	
  2771	
  2752	
  2763	
  3401	
  3531	
  2403	
   658	
  1339	
  2046	
  2143	
  2182	
   990	
  1511	
  1533	
  1059	
   373	
  2444	
  4123	
  3759	
  3161	
  2884	
  2946	
  3033	
  2942	
  2983	
  2898	
  2816	
  2912	
  2736	
  2928	
  2909	
  2859	
  3738	
   259	
   415	
  1118	
  1018	
   581	
   891	
   691	
   760	
  1555	
  1469	
  1786	
  1898	
  1125	
   382	
  1483	
  3210	
  3920	
  3982	
  3422	
  2970	
  2857	
  2869	
  2887	
  2850	
  2938	
  2771	
  2822	
  2891	
  2841	
  3831	
   317	
  1486	
  1512	
  1747	
  1791	
  1795	
  1944	
  1877	
  1109	
  1234	
  1737	
  1688	
  2105	
  1271	
   986	
   492	
   861	
  2343	
  3084	
  3700	
  3159	
  2935	
  2781	
  2917	
  2870	
  2809	
  2784	
  2795	
  2813	
  3858	
   165	
  1783	
  1710	
  1427	
  1358	
  1535	
  1763	
  1235	
  1122	
   843	
  1274	
  1354	
  1771	
  1793	
  1222	
  1518	
   985	
   742	
   846	
  1909	
  3735	
  3579	
  3613	
  2882	
  2660	
  2754	
  2736	
  2739	
  2768	
  4001	
  -122	
  1284	
  1234	
  1766	
  1544	
  1670	
  1884	
  1530	
  1637	
  1023	
   905	
  1249	
  1440	
  1662	
  1454	
  1497	
  1632	
  1633	
  1497	
   586	
  1439	
  1464	
  3084	
  3641	
  3551	
  3295	
  2921	
  2801	
  2857	
  4081	
   -72	
  1306	
  1046	
  1624	
  1313	
  1640	
  1869	
  1586	
  1534	
  1652	
  1112	
  1159	
  1387	
  1187	
  1501	
  1560	
  1692	
  1557	
  1413	
  1637	
  1362	
   801	
   362	
  1306	
  2742	
  3068	
  3352	
  3274	
  3066	
  4046	
   101	
  1353	
  1195	
   918	
  1138	
  1642	
  1537	
  1589	
  1554	
  1633	
  1653	
  1656	
  1814	
  1607	
  1474	
  1641	
  1435	
  1366	
  1482	
  1467	
  1349	
  1509	
  1140	
   828	
   492	
   642	
  1124	
  1521	
  1935	
  3040	
   433	
  1270	
  1182	
  1199	
  1272	
   934	
   938	
   885	
  1190	
  1328	
  1441	
   928	
   639	
   847	
   884	
  1048	
  1106	
  1179	
  1148	
  1072	
  1273	
  1245	
  1358	
  1386	
  1356	
  1188	
  1029	
  1037	
   927	
  1131	
   801	
  1114	
   889	
   826	
   -70	
   159	
  1902	
  1544	
  1780	
   795	
  -376	
  2240	
  1409	
   183	
  1228	
   685	
   875	
  1198	
  1241	
  1122	
  1226	
  1267	
  1567	
  1160	
  1138	
  1310	
  1217	
  1161	
  -299	
  -230	
  1441	
   563	
  1073	
  2274	
  1794	
  1879	
  1681	
  1066	
  2181	
  1791	
  1757	
  3067	
  3379	
  2739	
  3215	
  3029	
  2560	
   813	
   874	
  1180	
  1160	
  1337	
  1014	
  1401	
  1496	
  1458	
  1171	
   -49	
   -73	
 -1390	
  1546	
  1035	
  2385	
   -12	
   533	
   437	
  -888	
  -282	
   566	
   184	
  1682	
  -456	
  1026	
  2021	
 -1075	
   -78	
  1906	
  2697	
   322	
   708	
  1631	
  1220	
   419	
  1267	
   402	
  1264	
  2095	
   431	
   311	
  -853	
   936	
  2192	
   520	
   749	
  1398	
  1764	
  -798	
  2822	
  1533	
  1438	
   832	
  -481	
   929	
  1139	
  1096	
  -230	
   510	
  2364	
  3071	
   423	
   730	
   125	
  -253	
  -145	
  -788	
  -193	
  2070	
   199	
  -310	
  -836	
  1502	
  1631	
  -714	
   373	
  1082	
   482	
   699	
  3587	
   725	
  1998	
  2217	
   556	
  1811	
  -210	
  2347	
   811	
   789	
  1387	
  2511	
  3641	
  -295	
  -583	
   541	
   599	
   -90	
  -465	
   449	
    28	
   257	
 -1259	
  2013	
  5046	
  1882	
  1799	
  1326	
   660	
  2997	
  2212	
   550	
  2467	
  2758	
   499	
  1719	
   823	
  1222	
  2257	
     2	
   440	
   838	
  2414	
  2241	
  -417	
 -1089	
  -979	
  -570	
   259	
   727	
   572	
  -243	
 -1588	
  1519	
  7035	
  4858	
  4063	
  4127	
  4058	
  3441	
  3305	
  2484	
  3055	
  2318	
  1720	
  1536	
  2285	
  1353	
  -535	
  1200	
  -908	
  -215	
  1086	
  2793	
  3788	
  2545	
  -128	
 -1161	
  -142	
    74	
   252	
  -291	
 -1039	
   434	
  4138	
  4242	
  4565	
  4725	
  4772	
  3845	
  2897	
  3667	
  3078	
  3141	
  3668	
  2849	
  3056	
  1827	
 -1026	
  3991	
  3034	
  1222	
  1513	
  1414	
  2733	
  3949	
  4550	
  4195	
  2011	
   -74	
 -1519	
  -377	
 -1057	
  1498	
  3576	
  2867	
  4358	
  5984	
  6408	
  4957	
  3752	
  4907	
  5285	
  1874	
  3918	
  4622	
  3916	
  3994	
  3896	
  3066	
  3165	
  3658	
  3164	
  1562	
   288	
   220	
  1056	
  2589	
  3792	
  4377	
  2966	
  -346	
 -2144	
  3695	
  4708	
  3608	
  2767	
  -608	
   -21	
  4383	
  4292	
  3454	
  3945	
  4151	
  4265	
  4617	
  4556	
  4521	
  4695	
  4049	
  5072	
  4662	
  3189	
  4785	
  2957	
  1708	
   507	
  -773	
  -327	
   431	
  3218	
  2967	
  -735	
   424	
  1219	
  2814	
   328	
 -3117	
   194	
 -1306	
  4176	
  3763	
  2658	
  3987	
  3990	
  3156	
  3170	
  3397	
  3341	
  4362	
  5336	
 -1736	
 -2050	
  1319	
  5519	
  4371	
  1762	
  2653	
  1164	
  1527	
   196	
  3307	
  1389	
  -785	
   878	
   995	
 -1141	
  1136	
  9360	
   434	
   157	
  2481	
  1908	
  2549	
  3481	
  3348	
  3650	
  3634	
  3067	
  5062	
  -692	
 -2366	
 -1343	
 -3321	
  3608	
  4240	
  1645	
  2354	
  2465	
  2899	
  1239	
  2205	
  2628	
  1419	
  1473	
  1296	
  -585	
  2345	
  6839	
  3417	
 -1864	
  1465	
  1314	
  1189	
  1387	
  1760	
  1702	
  1933	
  2518	
  3149	
 -2453	
  1356	
  4848	
 -2438	
     6	
  4847	
  3235	
  1829	
  -389	
   502	
  1460	
  2322	
  3019	
  1099	
  1377	
  2005	
   614	
  1806	
  6187	
  2999	
 -2205	
   271	
   351	
   514	
   782	
   650	
   954	
  1269	
  1566	
   318	
 -2112	
  4980	
  8188	
  1799	
 -2543	
  3538	
  2573	
  2267	
   179	
  1447	
  1853	
   909	
  1264	
   597	
   470	
   883	
   750	
  -349	
  6627	
  1146	
 -1064	
  -351	
  -537	
  -192	
  -151	
  -338	
  -121	
    83	
   -12	
  -650	
 -1406	
  5705	
  5220	
  3372	
 -2431	
   662	
  -241	
 -1068	
  -576	
  -298	
  -996	
   -83	
  1183	
   756	
   829	
   385	
  -112	
  -787	
    68	
 -1295	
  -707	
  -352	
  -529	
  -449	
  -363	
  -318	
  -222	
  -307	
  -226	
  -498	
 -1447	
  5250	
  4774	
  2893	
 -1897	
  -184	
  -249	
  -203	
   144	
   371	
   296	
  1684	
   672	
  2108	
  1866	
  1289	
   978	
  1485	
   -63	
   337	
   456	
   129	
   116	
  -122	
  -296	
  -300	
  -605	
  -516	
  -476	
  -491	
 -1798	
  2610	
  6919	
  1006	
 -1282	
    -1	
   104	
    93	
    25	
   153	
   177	
   -82	
  -772	
  2200	
  1120	
  1176	
  1400	
  1584	
  1814	
  1785	
  1632	
  1592	
  1576	
  1590	
  1696	
  1528	
   895	
   704	
   496	
   444	
  -281	
 -1378	
  1090	
 -1766	
  -713	
  -328	
  -403	
  -481	
  -428	
  -415	
  -553	
  -630	
 -1131	
  2388	
  1481	
  1427	
  1206	
  1609	
  1442	
  1191	
  1509	
  1484	
  1222	
  1234	
  1235	
  1511	
  1830	
  1583	
  1755	
  1645	
  1775	
   953	
  -612	
   964	
   499	
     3	
   221	
    84	
    18	
  -112	
    50	
   151	
  -581	
  2186	
  1420	
  1448	
  1298	
  1375	
  1601	
  1506	
  1515	
  1688	
  1586	
  1391	
  1187	
  1262	
  1143	
  1158	
  1007	
  1117	
  1308	
  1618	
  2319	
  2153	
  1997	
  1872	
  1756	
  2057	
  2026	
  1765	
  1978	
  1851	
  1150	
  1224	
  1080	
  1181	
  1375	
  1028	
  1572	
  1669	
  1505	
  1576	
  2025	
  1516	
  1856	
  1769	
  1802	
  1800	
  1628	
  1296	
  1288	
   996	
  1049	
   993	
   760	
  1047	
  1153	
   951	
   828	
  1319	
  1511	
  1159	
  1339	
  -579	
  -454	
  -697	
  -855	
  -375	
  -472	
  -637	
  1000