  2042	
  2010	
  2010	
  2042	
  2074	
  2122	
  2154	
  2106	
  2058	
  1978	
  1994	
  2010	
  2026	
  2026	
  2005	
  1982	
  1998	
  1982	
  1950	
  1902	
  1870	
  1790	
  1866	
  1850	
  1850	
  1911	
  1946	
  1962	
  1994	
  1978	
  2026	
  2042	
  2074	
  2090	
  2106	
  2122	
  2122	
  2122	
  2122	
  2122	
  2122	
  2090	
  2090	
  2106	
  2085	
  2079	
  2047	
  1998	
  1982	
  1934	
  1886	
  1854	
  1882	
  1882	
  1914	
  1931	
  1930	
  1962	
  2019	
  1994	
  2042	
  2058	
  2026	
  2044	
  2076	
  2138	
  2170	
  2154	
  2145	
  2161	
  2145	
  2154	
  2127	
  2079	
  2074	
  2095	
  2042	
  1966	
  1950	
  1950	
  1918	
  1886	
  1919	
  1925	
  1972	
  1986	
  2000	
  2023	
  2049	
  2034	
  2033	
  2039	
  2033	
  2053	
  2104	
  2114	
  2122	
  2122	
  2118	
  2116	
  2083	
  2095	
  2097	
  2074	
  2042	
  2031	
  2014	
  2003	
  1971	
  1950	
  1966	
  1966	
  1941	
  1941	
  1994	
  2010	
  2038	
  2087	
  2096	
  2080	
  2057	
  2076	
  2165	
  2089	
  2107	
  2112	
  2106	
  2132	
  2117	
  2090	
  2080	
  2090	
  2085	
  2090	
  2037	
  2010	
  2010	
  1994	
  1971	
  1966	
  1950	
  1950	
  1925	
  1909	
  1941	
  1962	
  1995	
  2059	
  2075	
  2058	
  1924	
  2027	
  2209	
  2299	
  2128	
  2107	
  2123	
  2159	
  2136	
  2085	
  2088	
  2095	
  2102	
  2086	
  2058	
  2042	
  2042	
  2026	
  1994	
  1971	
  1934	
  1902	
  1893	
  1893	
  1909	
  1903	
  1958	
  2026	
  2086	
  2155	
  2054	
  2113	
  1712	
  1643	
  2052	
  2179	
  2163	
  2182	
  2139	
  2143	
  2101	
  2084	
  2095	
  2069	
  2058	
  2058	
  2058	
  2026	
  1994	
  1966	
  1950	
  1918	
  1941	
  1941	
  1973	
  1967	
  1994	
  2081	
  2123	
  2445	
  2194	
  2198	
  1981	
  1468	
  1907	
  2217	
  2161	
  2182	
  2204	
  2175	
  2172	
  2106	
  2089	
  2073	
  2048	
  2058	
  2042	
  2010	
  1978	
  1966	
  1966	
  1934	
  1973	
  1973	
  2006	
  2038	
  2054	
  2107	
  2055	
  1879	
  2187	
  2139	
  2175	
  1884	
  2139	
  2433	
  2241	
  2168	
  1734	
  1422	
  1631	
  2039	
  2134	
  2090	
  2069	
  2058	
  2042	
  2010	
  1989	
  1982	
  1934	
  1934	
  1951	
  1953	
  2015	
  2029	
  2050	
  2059	
  2056	
  1262	
  2183	
  2121	
  2192	
  1786	
  1520	
  1694	
  2301	
  2237	
  1505	
  1419	
  1124	
  1433	
  2059	
  2135	
  2085	
  2058	
  2074	
  2042	
  1994	
  1998	
  1934	
  1902	
  1978	
  1964	
  2011	
  2047	
  2079	
  2089	
  2140	
  2112	
  2116	
  2054	
  2786	
  2682	
  2316	
  1834	
  2035	
  2222	
  2022	
  2368	
  2421	
  1579	
  2072	
  2186	
  2111	
  2074	
  2074	
  2074	
  2042	
  2063	
  2014	
  1934	
  2043	
  2027	
  2059	
  2095	
  2095	
  2132	
  2133	
  1822	
  2316	
  1841	
  2535	
  3308	
  2825	
  2715	
  3072	
  3106	
  2593	
  2808	
  3211	
  2259	
  2204	
  2223	
  2183	
  2138	
  2106	
  2074	
  2019	
  2031	
  2014	
  1966	
  2059	
  2075	
  2081	
  2095	
  2111	
  2116	
  2180	
  1507	
  2568	
  2682	
  2158	
  2383	
  2837	
  3132	
  3395	
  3457	
  3376	
  3365	
  2747	
  2171	
  2229	
  2211	
  2193	
  2154	
  2122	
  2106	
  2026	
  1998	
  1966	
  1934	
  2011	
  2070	
  2075	
  2095	
  2143	
  2121	
  1650	
  1922	
  1346	
  2154	
  2723	
  2606	
  2259	
  2399	
  2647	
  2877	
  3155	
  3082	
  2323	
  2245	
  2246	
  2205	
  2200	
  2154	
  2090	
  2074	
  2058	
  2047	
  1982	
  1966	
  2015	
  1974	
  2056	
  2131	
  2159	
  2163	
  1933	
  2550	
  2465	
  2330	
  1834	
  2435	
  2886	
  2875	
  2709	
  2565	
  2552	
  2788	
  2552	
  2298	
  2239	
  2237	
  2185	
  2172	
  2074	
  2026	
  2053	
  1950	
  1982	
  1982	
  2111	
  2016	
  2037	
  2128	
  2097	
  2409	
  3063	
  2624	
  3196	
  3296	
  2788	
  2297	
  2161	
  2520	
  2974	
  3072	
  2879	
  1778	
  1901	
  2250	
  2266	
  2219	
  2147	
  2142	
  2110	
  2085	
  2083	
  2028	
  2003	
  1973	
  2098	
  2074	
  2093	
  2148	
  2490	
  2907	
  2169	
  1784	
  3186	
  3365	
  3313	
  3212	
  2957	
  2358	
  1953	
  2504	
  2909	
  1119	
   866	
  1861	
  2051	
  2241	
  2169	
  2140	
  2126	
  2088	
  2072	
  2090	
  2058	
  1978	
  2059	
  2079	
  2117	
  1684	
  2184	
  1896	
  1825	
  2375	
  3268	
  3357	
  3445	
  3634	
  3648	
  3543	
  2736	
  1630	
  2158	
  1973	
  1012	
  1481	
  1311	
  1867	
  2076	
  2067	
  2022	
  2065	
  2033	
  2056	
  2042	
  1962	
  2064	
  1935	
  1503	
  1077	
  1053	
  1276	
  2499	
  2870	
  3430	
  3646	
  3495	
  2998	
  3045	
  3439	
  3697	
  3141	
  1756	
  1953	
  2410	
  1431	
   931	
  1546	
  2089	
  2090	
  2074	
  2062	
  2036	
  2010	
  1994	
  1962	
  2021	
  1352	
   883	
   967	
  1027	
  1052	
  1330	
  2503	
  3493	
  2730	
  1488	
   669	
   750	
  1229	
  1867	
  2646	
  2597	
  1256	
  2183	
  2441	
  1237	
  1927	
  1932	
  1823	
  2127	
  2063	
  2027	
  1981	
  1962	
  1930	
  2018	
  1574	
  1150	
  1036	
  1001	
  1052	
  1035	
  1413	
  1312	
   625	
   779	
   986	
   777	
   556	
   466	
   484	
   807	
   939	
  1278	
  2329	
  2233	
  2064	
  1578	
  1590	
  2013	
  2056	
  2031	
  1973	
  1942	
  1912	
  2032	
  1519	
   817	
  1195	
  1265	
  1121	
   998	
   759	
   759	
  1446	
  2021	
  2149	
  2043	
  1867	
  1630	
  1353	
  1029	
   869	
  1180	
  1780	
  2131	
  2206	
  2443	
  2777	
  2798	
  2166	
  2008	
  1994	
  1941	
  1922	
  1956	
   987	
   214	
   453	
   822	
   685	
   379	
   315	
  2026	
  2249	
  2200	
  2152	
  2200	
  2232	
  2250	
  2220	
  2170	
  2043	
  1711	
  1279	
  1611	
  2107	
  2674	
  3346	
  3683	
  2950	
  2064	
  1966	
  1924	
  1894	
  1946	
  1642	
  1103	
   473	
   249	
   343	
   682	
  1268	
  2113	
  2097	
  2152	
  2152	
  2168	
  2168	
  2126	
  2170	
  2204	
  2220	
  2209	
  1957	
  1487	
  1414	
  1895	
  2576	
  3278	
  3592	
  2893	
  2001	
  1894	
  1889	
  1894	
  1880	
  1969	
  1516	
  1033	
  1291	
  1835	
  2086	
  1931	
  1857	
  1927	
  2040	
  2120	
  2152	
  2124	
  2154	
  2170	
  2170	
  2169	
  2182	
  2161	
  1681	
  1175	
  1500	
  2364	
  3175	
  3657	
  2768	
  1895	
  1884	
  1883	
  1819	
  1901	
  1960	
  1955	
  2040	
  2089	
  2066	
  2060	
  1986	
  2003	
  2104	
  2120	
  2136	
  2102	
  2150	
  2166	
  2150	
  2091	
  2093	
  2144	
  2147	
  1904	
  1408	
  1274	
  1803	
  2741	
  3347	
  2478	
  1849	
  1887	
  1855	
  1974	
  1974	
  1965	
  2019	
  2034	
  2078	
  2063	
  2086	
  2120	
  2072	
  1991	
  2120	
  2106	
  2122	
  2154	
  2138	
  1992	
  2053	
  2095	
  2077	
  2081	
  2062	
  1784	
  1409	
  1283	
  1916	
  2467	
  1886	
  1902	
  1946	
  1978	
  1962	
  1983	
  2010	
  2026	
  2050	
  2056	
  2088	
  2072	
  2040	
  2007	
  2120	
  2088	
  2088	
  2088	
  2088	
  2050	
  2074	
  2090	
  2090	
  2040	
  2044	
  2094	
  2067	
  1805	
  1448	
  1703	
  1833	
  1913	
  1913	
  1946	
  1978	
  1978	
  1994	
  2042	
  2050	
  2024	
  2072	
  2072	
  2072	
  2040	
  2056	
  2056	
  2056	
  2072	
  2072	
  2034	
  2106	
  2170	
  2154	
  2137	
  2103	
  2103	
  2054	
  2104	
  2026	
  1849	
  1721	
  1897	
  1913	
  1930	
  1962	
  1962	
  1962	
  2026	
  2002	
  2024	
  2056	
  2056	
  2024	
  2007	
  2024	
  2024	
  2040	
  2072	
  2056	
  2061	
  2106	
  2170	
  2138	
  2106	
  2042	
  2058	
  2058	
  2010	
  1946	
  1833	
  1721	
  1865	
  1865	
  1913	
  1946	
  1962	
  1962	
  1994	
  1000